
After optimization
Parameters values
0.770583 0.31035 0.79458 0.492589 
Freq: 394011
Perf: 394011
Ticks: 187
Power: 336
Area: 336
Target function: 9999.66
Limitation: 394011
