
After optimization
Parameters values
0.0925587 0.0141273 0.993543 0.654319 
Freq: 47582
Perf: 47582
Ticks: 111
Power: 400
Area: 400
Target function: 9999.6
Limitation: 47582
